Number: 1
Floor: 1
Ceil: 1
Square Root: 1.0
Circle Area (radius=1): 3.14
Number: 2
Floor: 2
Ceil: 2
Square Root: 1.4142135623730951
Circle Area (radius=2): 12.56
Number: 3
Floor: 3
Ceil: 3
Square Root: 1.7320508075688772
Circle Area (radius=3): 28.259999999999998
Number: 4
Floor: 4
Ceil: 4
Square Root: 2.0
Circle Area (radius=4): 50.24
